101623795
101700960
101223209
100960111
101674571
9418450
8904605
101499145
9440159
0157313
9100813
101504991
101282906
101525337
101540531
101654580
101313589
101575075
0370270
101206716
14520300R
101194794
8404358
101233144
0421520
0370570
101247110
0370571
0407123
9103983
0370306
9425483
101620182
101609037
101620313
101676043
101620319
0370307
9433781
0370310
9200299
0141053
0370320
0417611
7906803
9434021
1246675
0151000
0247035
0370336
0412041
9612501
0370343
0370344
8709065
101468102
101485969
101231512
2985165R
9424806
0370354
8213019
9205968
9301947
9303678
100956087
101262545
2985167R
0370364
8706123
0431702
100886502
7704993
0370374
8406376
0370400
0370401
7610364
9304117
8701671
7603486
9604935
9304118
9605506
0407712
9435676
0370413
8307733
0370416
0240537
0121020
101209214
2985173R
101138582
8706645
8710523
0121103
0370421
101581613
9612021
0370425
0370431
9885358
101276222
0117147
101125644
101540874
0370435
100913944
101497281
100911021
8611864
0370441
101654770
7701756
9707469
101149451
101146510
101232990
0375655
101128963
7502265
101508617
101130839
101132995
9808210
9705773
8710219
9607225
9206753
8709376
101237921
101134876
8003708
7708173
0421406
8502311
8310684
7707242
8707234
0370073
9616296
7804028
9603640
8110074
9502013
100953980
8704771
101231978
101511643
0364220
14730560R
1272646
0370465
9200312
101082834
9114917
100898738
0370467
0207277
100967755
7901431
100895290
0376027
8207754
0370470
9211547
8806701
7911005
7502510
8309942
7910653
8108948
0421030
101190325
9309609
9503023
7610369
9008229
8915029
0370475
8803676
8101110
8004854
8110075
9613960
0267200
101235741
101235742
101235745
9300756
0370506
8109361
0372646
0370476
0370500
8610224
8000029
0370502
8405212
0372650
0400654
100901225
100901226
100901227
100901228
100901229
100901230
100901990
8803677
8704773
8108949
0370512
1254074
8912860
8917225
9421642
101490775
9114726
7609541
0370473
7707904
9441347
100968638
0370507
0375011
2984688R
0370522
9433802
101587185
7503280
9505216
101652401
0370524
0370525
0342017
101134327
0370535
101541993
0370536
0370534
8511078
0372652
9109478
7704218
101652981
101292775
101392205
101154140
0067662
0423506
101585129
1310650
1300217
0370543
9814575
0203706
0370550
101303270
9011409
9814573
8605704
101083072
7807205
100956805
7503289
9500166
9503580
100963897
2984690R
0361512
0372347
0142167
8305839
0324055
0410247
101152152
8911021
7702013
9800503
8002646
0116744
9100013
101167762
101620864
9107334
101155885
0404024
0416661
0372351
7502520
0372343
101571172
8906388
7707449
9607443
8913398
8105511
7506858
9007735
0407300
8106337
9203131
7805336
7506860
101536246
0372355
8507355
0372361
0372354
9420840
9703158
15030100R
9802544
101508602
101614024
2985150R
100883581
101469708
9600627
101574034
101235325
0372367
101561951
0117605
100911346
8309206
2985151R
0372370
7804039
8209988
101275111
7607088
15040080R
0370600
0372373
101140127
0372374
8006431
101625721
101660822
8703941
101698454
101162596
7809992
9710381
101265649
9100823
8102988
0315061
101585411
100888899
8109699
9009212
9815705
0372625
101086634
0372403
8803400
9712129
8006808
8208561
101537732
7605801
0261412
100888796
8406612
101584082
101584990
8901557
0247660
101264333
9306253
0372406
8500246
101298363
101142614
101222433
0372460
0372430
0354720
101465655
9004255
8000462
0372434
101220684
9501297
101652058
0357245
101282564
0064757
8214379
8710213
0114365
8501752
100889644
0372441
0067507
9312706
0410427
0116711
9011043
101318988
7607091
9421356
8000036
0330167
9510153
2985158R
8708534
0417615
7506870
9815663
0373100
0421031
0400645
0125444
9505803
101518086
101154438
100972232
8506498
101594777
8915031
9433814
7802778
9204109
100942132
8900600
101321326
8402034
101130625
9440304
101241430
8708538
101506757
101507115
101151468
100901776
101088083
9111075
0242543
100973461
101495384
9606930
8504574
7708170
9207852
0370612
100888004
0326701
8214381
101123037
9305903
0001027
0111052
9611095
15420200R
1260462
9808874
0135232
8208130
9613603
0370616
101461858
8900070
101128967
100909359
101265188
0370617
8210638
101571817
101208422
0360342
101245751
8004872
7808666
0251711
8804264
8914585
8302411
9013016
7703854
101149327
101507616
0003163
7909914
101120682
101120605
101120659
101121582
101121149
101631218
101512484
9438655
0372516
8606068
0126611
0370623
0376536
2984726R
9610305
100970605
0101032
7506897
0217513
1264604
9010319
9712121
9100834
9705305
100953583
8008281
101581063
8510851
8704792
101521964
8807441
0372666
9200331
100930043
9808944
101292902
101275679
9600628
2984727R
8108529
9700112
7502533
101258412
101247722
9004494
9311984
0213264
0375566
0207224
9308271
9815758
0414576
101548963
7911509
100892849
9606000
101312535
8100316
101593571
101135325
8610241
101147518
8909524
8205605
101285195
9104021
100887374
101140142
8213295
8100317
101600173
1262533
9208478
0370625
7708048
101472371
1303703
9413298
9107377
7911226
0403171
0370626
0372525
101507284
101088505
9889523
0372526
9205717
8102797
101502754
9001289
100897327
0430773
9107378
8306785
8403708
8609465
7502021
8510274
101265833
8008051
8506292
100883596
8302042
100935741
100886721
7603509
101568469
9509932
9102551
9301454
9606438
8402040
8708558
101237479
101465334
100968535
101084098
100965194
101190720
101088663
100967800
100968539
100966972
101088661
100966973
101088674
101088676
100966975
100967792
100968547
100966978
100965258
100968548
101088677
100966980
100968551
101190723
101088679
101088680
100968552
101319628
100968553
101088682
100968545
100966981
100966983
100968565
100967793
100968555
100966986
100967802
101088684
101088685
100967804
101590449
100967807
100967799
100968559
100968562
100968563
101088689
100968567
101301827
100968571
101249759
101088690
8900488
101552874
101546984
8504048
101599229
8702459
101200947
101137600
0372537
101570837
0151620
8800478
8218014
7909235
101300405
8710358
7506220
9216781
0045503
7605818
101465726
101282001
8903034
9716507
0065324
101129542
101677045
9812937
8112917
101095924
101207337
101615124
101307187
7513219
9213011
100888201
100927353
8111104
101260777
9505539
100912837
101528229
0372541
9309208
0370635
7503323
0004041
9005323
0372544
101257109
0004047
8800054
0372547
0421041
8405235
7502536
0342367
0373125
0432520
0372553
0376542
15740290R
7503383
0072416
2984715R
0046021
0372557
0141233
0401404
9212564
7507052
101181368
8913178
0370647
8901573
7905481
9208482
8812910
0374236
101137842
101256509
9605408
9100846
101130617
7806519
9438457
101499453
101561693
101508793
9200608
101539150
9432230
101188791
101172931
8605732
101614637
8307154
100931981
7600053
101595310
8605731
7805358
101479409
9711272
2984705R
101155137
101168776
7502030
0120300
8701709
8510280
101148810
9811151
101623613
0372707
0415227
0406021
0045312
0372712
7904187
0372715
9515842
8607793
9433332
0004653
8307156
0043535
8008055
8300331
101392712
1266406
9304686
9200019
101147637
8712220
101531846
8003538
101313864
9212060
0077427
101319630
101135818
101159952
0103374
101518378
100884139
101269039
0413066
101469464
9701934
8305874
9307129
8506639
8006226
101676030
101096596
101170464
101137841
9437445
101524092
101302316
1246405
101233170
100883691
9607427
9216789
101242872
9705402
8200709
101552938
9113221
9105195
101573691
101528176
9425763
8904683
101311472
100883360
9610925
7608465
101656080
100965121
0417625
9208854
9417324
8200710
9110718
101089443
9100851
101321614
100971574
101294643
100937360
101197449
101262549
0227276
9610838
9513783
101259013
0320657
0144731
0377775
100954211
0067206
101085550
8807448
2985134R
8217190
0335405
101319536
0231335
7602632
9512515
101542497
8503227
0373152
101498232
101181180
101504416
7804502
7513795
8914261
16140410R
9213031
2985138R
9313452
8501362
101197408
101474365
101489144
101479935
101499602
101489148
101479941
0372736
101137683
0047103
0147763
1254104
100893237
9102566
8703441
9810959
8809128
9508125
9106549
0133660
8611877
100898731
9502500
7903272
9421549
9806306
7907612
9604507
1302422
101120693
8406412
9504817
9207893
101213033
0346653
101516977
8906443
7606847
100896531
9305929
0057202
100973405
8409970
9709923
7802110
8703442
0425076
8308521
101160775
0253664
101260955
8603766
8300869
9709206
101244734
8911831
100883537
100888977
9203213
101273480
7804071
101271570
9705336
8507389
9103300
9705611
8100174
8802622
9710002
100893225
101525386
101092853
9516420
8807282
0364441
7502039
8214420
7607910
100883319
8806548
101526693
7611109
8709115
9208508
8309603
0070014
9002902
9105713
9707115
0075674
101247023
0372606
7501306
7606849
101572899
0372741
101137604
0424767
8604974
1306016
8802181
101264123
101553659
101315570
9504368
8211469
7905731
101675083
8112473
0372604
7706726
101241654
101247119
101474067
8710240
101197451
101252125
9711805
9431220
101269155
101473265
9702877
100909747
101083946
101167278
9713497
8411889
101518151
0241111
101513680
101571139
1256107
9612493
9315133
9212578
100883611
9810948
8411261
0410263
9516061
100959500
9806096
101270611
7808924
101225531
9308777
100900466
101574442
0372612
101157394
1250250
101141667
101279357
101277751
8806104
9802899
8506513
9306292
101256510
0365263
9882301
7604950
101242342
9211867
9712714
0234361
101286760
7513582
101211769
8216186
9011445
0100725
8609491
101140040
9801902
8507720
0355501
8912620
8207799
100888170
9004784
8903774
8208627
8505177
8914816
9007261
8914818
8914819
8914274
8914610
8916049
8511159
8914275
9424324
0006252
9891832
101096440
101208441
100897685
9107782
101094211
100888969
101265750
101093791
101208455
100960533
100960531
8104312
8004904
101125446
101262565
101235661
101156990
100888982
100931761
9440157
0351014
7808448
101093076
100931790
101157239
101208439
100888967
100936359
8813436
9100492
8608087
8913428
9811312
9804399
9504454
101308636
8506887
9111375
9430802
101264945
8900118
8809878
101635599
9010000
9815056
9303753
9111376
9319162
9007264
9007265
9011108
9717388
9417024
9000850
100966133
100883395
8809880
9503765
9000851
9107784
101297402
9200621
101560941
101176492
100970666
100960530
9602487
7702986
7701802
101134613
0372617
100960529
100888960
101681234
100888970
101134380
101272517
0163114
101119673
9212591
0110513
100900946
100900943
101157208
101266892
0006440
101142708
9005353
9612306
101235694
101235690
9010345
101523844
100895309
101176026
101576205
101125969
101517697
9705200
8508040
8309299
7609576
101091305
9708816
101207335
8300886
9203244
9504371
9700070
0372762
101120028
101541838
7708205
9201927
8701744
9613264
0356504
0006761
101300215
8702038
101304394
7809375
0164074
101120122
0372763
7805975
7701401
9607599
100883450
100883645
8508335
100889084
8500858
0006777
101234011
8506895
101568499
101241152
8305899
101251558
101238198
0401650
8701186
7902782
9101419
0150472
100958385
8501808
101306633
9207179
8807037
101297401
0372764
101250006
8809160
8604127
101483332
0370657
101282742
9004522
101139138
9423827
0370667
101126895
8505191
7513587
7801723
9417471
101540061
101475745
7802620
8204468
9604391
9421550
101164773
0322067
9815369
7600076
9002928
9102074
100883647
101160518
101483449
101475967
0006723
8610855
8610856
8005585
7708381
101320027
9610931
7701817
0372766
9608387
9315161
9707113
8511187
101222144
9889808
0315073
101121949
0043541
101166135
7805381
9885956
101265191
101133002
8204476
101579614
8208664
101487380
100963049
9508155
101199824
8219565
100963089
101594885
7505643
0375037
9434444
8800104
0375040
9313485
101269157
9009288
9607439
9436481
8408548
8006258
0370674
0215166
9104081
7502320
8903118
101147645
0330411
9609642
7807270
7703893
100883692
101499207
8800109
8508350
8804476
0147621
9441769
101601576
0213155
9884939
100885357
8308958
9612020
8003761
101484711
8703737
9431736
9009644
8902507
101561091
7910703
101265293
101471619
101519720
2983306R
100892858
8703089
100891853
0173320
0373220
0043306
0373223
9109034
9608374
9502920
101531465
9002937
9103030
8409413
100973416
9212296
8006263
101573788
8411711
100954790
9005373
9301979
9300837
8804069
101128793
7906240
0245331
8804297
8804070
1256165
9712127
9712132
9206420
7608491
9442482
9423848
8508062
9000874
9513566
8100357
8703985
100887595
9207930
9302235
1273201
9003220
101124748
0420510
101247089
9517857
9506311
8918110
101140988
100888704
0375672
100885136
9110772
101473719
9504563
7909010
9518037
101121881
9715169
9801774
7603873
9105263
1254354
9109778
9317982
101465662
101564430
8917383
9204966
8106411
101146739
8504356
101313350
9512728
0150760
9111390
101251040
100883649
100887452
101126530
9111820
9114774
8803460
9717360
9301980
0174752
7512719
7805992
9513581
100883432
0373224
9505535
0375434
7603335
9604830
8507436
100973463
0043312
0373226
9505926
9419066
101207333
9301549
101125414
101228421
101295755
101228422
101163027
101135662
9434197
100897346
9516419
101127833
101123358
101181284
101271248
101278296
101278199
101485942
101230445
101120777
100939725
101129944
101132257
101223548
101278196
101155475
0370707
0047061
0402313
101233160
8004944
9607880
0370711
0370712
101230541
0370713
9002940
9208920
9706854
101160941
8703986
8405303
9414907
100898211
8306464
8500875
9610836
9212301
8804484
101229646
0155157
101528690
8901229
7705721
8902526
101085384
0372772
9107463
101230972
100955049
9505220
16930290R
101470897
2984758R
0234640
8502651
0376757
0374620
9437431
0065750
9422792
0370723
101485040
101317183
101120121
7702639
8207483
9215384
101483831
101549033
8601127
7906418
9210143
9889534
9615073
9433869
9609647
7902034
101317016
101236111
8103137
8709159
9423872
101612996
101585359
0320246
101549428
101477940
7513292
100939343
8707746
8710411
101524465
9607601
101511162
101278120
101256629
101566598
0010333
8901623
9416830
100886238
8706257
8406671
8915377
0374630
0010505
0370735
7706761
9200651
101167473
101129617
9607379
9007329
8711660
9607822
100953417
100931242
9015261
8411723
9421525
0370740
0374636
9815831
101169387
101550220
9114088
101494210
7905527
8704544
100960660
101509707
101475844
9518021
8800135
8400604
101185472
101302943
101135738
8309633
101553404
8215850
7601655
101596872
0374641
8102852
8806785
101245734
9888746
101496665
9104124
8603310
8205248
9882886
9000468
9814320
9424805
2985108R
101316452
8807913
101693805
7900587
0365304
0417435
9442916
8204531
8302815
8510415
101681801
101128968
9312789
0410447
0372755
101151457
2985091R
101245792
8902541
8303128
9306780
9815926
100883604
2985093R
9510067
8409431
8610614
101648506
8211523
101153626
9012854
0053006
9706284
7900445
9602087
101231934
9612481
0330057
100963739
101200317
100891112
8511258
9605411
101257381
101257471
9708388
100890099
8307268
8709473
101093910
7705865
101304009
8302946
0374654
0373007
9715168
7801231
100901183
101122643
9200413
9108167
9506663
8609357
7704136
8003052
17340520R
100936377
100897392
101675570
2985099R
8702105
101140517
9512509
0217764
101518427
0177722
101142469
101525157
100900921
0116717
9419065
8912329
9004560
0374660
100888143
7613873
9008950
101607433
101573202
101202210
0200525
8010936
9208958
8300127
9215429
9421547
8702539
8701199
9507614
101572652
7906255
9421297
9307690
17510500R
101196755
9881869
101604520
101541727
101312520
0012737
101609393
101491191
9886191
8310780
101152869
101616214
101097023
9885960
9882735
9891704
101303205
101301198
9516416
9432918
8002742
0420404
8805635
8706300
8504629
7910006
0374672
8611087
7702118
8800150
101485158
9206481
101258411
2985065R
0310774
0112040
7701852
0233411
8700903
0374701
0405376
7605904
0417442
7902477
2985062R
9423515
8804099
8804508
101650235
101606645
101084138
0246127
0365307
7600105
9508162
9112626
9508160
101304007
101475011
8910739
9510056
0226040
101469670
0366543
0171671
9207282
9303579
101266965
8402693
9211652
7512134
101158091
8609061
0374714
101478378
101128834
101152341
101234521
101492420
101472191
8004996
7704851
9211274
101158399
101515919
101263418
0264620
9204241
101092952
0364265
9602695
101550261
101517095
101244240
8916182
100965259
9111860
7802649
101140017
101217089
9508482
7909578
8712411
101235568
0374716
101313850
0042124
8200291
100969716
101273481
9713056
9616295
101554912
9423309
9712381
8607899
101499225
100891504
8007161
101168070
0243704
8917470
8401784
8111226
9106628
101238455
7802871
9014042
8412849
9432922
8710629
0210174
9111626
8214845
101152198
1305035
9111627
100898843
8508395
101232337
8911335
9007383
9610933
101300213
9803709
9101456
101128359
9711057
100898849
100886202
101250764
101213954
101140527
9111433
9810955
101092791
101263847
9100527
9815893
0270707
101530293
101582422
9613615
0400675
101256108
9200430
9505217
9437093
9306042
8611905
8605826
101504351
9107511
101562474
0314024
101576715
8003603
8200894
7804127
101136878
8900938
9709509
0365646
8406214
101304551
9434628
8809243
7603616
7805421
101474930
101320232
100939812
8008349
101276430
9007917
101274068
101228232
9314927
100899600
8508113
9708436
9706389
9440237
1273304
9816585
7808754
7904294
0374731
7705431
9007918
101475846
8712260
0374740
0043524
101567041
0262521
101230907
9602489
0421531
8309330
7703701
0045377
9418515
8806809
101146178
101282932
101316967
7806864
0374750
2985182R
101495366
101301086
9602611
8108287
100930740
7907126
101510759
100888706
9513102
9710011
101573920
101467978
101467004
101598241
7503051
100892005
101306759
9616159
100888552
9102136
101543508
7609811
101475057
7906073
9415639
0374755
9421530
9503111
1275002
101597220
9508124
9814863
7501160
9114646
8704565
7907132
9417468
101589530
101589532
101589534
101589536
0415027
101652861
101589539
101589542
101589544
101589550
101269489
101600770
101589553
101256526
7503056
8301365
8215879
101190326
9431305
7503060
7503062
101580524
100893243
9430800
8511299
101176252
8501423
9507418
8801388
101312518
9010412
9013836
7503067
7705085
0137162
8905667
100955807
0376574
101126979
8003002
0151115
7513617
9215446
9804404
101586617
9315240
101089176
9514582
9706280
101189774
8502536
8109495
9884881
8703515
9815648
100888334
9206495
9111870
100892857
8106454
9506298
9301647
9615686
8812164
9512497
9201340
2985120R
8503885
101602037
9803531
0376600
9717231
7701859
101250741
101187344
2985121R
101299725
9616326
0417731
8809253
8700115
8813912
9007393
0157375
7909584
100970413
101234237
101234238
101230869
9605853
9421567
101531992
9110829
8404176
9200436
101318567
8100809
100888800
8411927
0014030
9436705
8610640
101222274
101463871
100883428
101262774
101552883
8610343
7902060
101249598
101307557
7907605
9442138
8804703
101291247
101265113
9110208
101308347
9010756
9815616
101259752
8703516
7902492
9602617
0066127
101468585
8908809
8604171
8205768
0375356
101083777
0050222
0052457
8112566
7505563
101230060
8902615
8907348
0375360
101232704
9105358
9806360
8606714
0375361
101174817
9318488
101139554
0173225
8812166
8216305
9808212
0375362
8801383
8502170
7910017
100888554
8102137
7802877
8801384
101300157
7505564
9806357
8506708
9433352
9207302
8309333
0376601
9100079
0425123
0366372
8704308
7801243
8109496
101519456
9518034
101231977
0401663
9815671
8910747
0043125
9606447
0260316
8411341
101577308
0406041
0102444
101141792
8413200
8309850
8710425
7703942
9433358
9878362
9439510
8805644
8805847
0262321
8607908
101130964
101136419
9814276
9010410
8704309
8610642
101318676
9614685
0425124
101128966
2985125R
2985126R
0354422
8000150
0354343
7600545
8918133
9011485
8006933
101517692
101504326
9204583
101520702
101605237
101302699
9100529
101160020
9312476
101164708
2985127R
9808943
0153605
9109125
8412174
7605913
101273949
0375363
7806594
7511484
8807503
100896915
8300544
0405525
0401664
8501420
0330666
8508119
100967627
9812551
7607167
9317093
101150203
9607688
7909766
101096515
101245794
7903310
9306405
9216037
9609066
101083101
8809954
0203727
0243705
9882906
8308647
2985109R
101262796
7502589
8207540
101297745
101168228
9503761
101087687
7502590
100897329
0214055
9881188
7601744
9201341
101630927
7703944
0014052
101471610
9308427
101300022
101234500
0375370
9214933
7804128
9430794
8607909
101272825
9706084
0165543
9815764
2985113R
9206865
101304616
2985112R
8605834
2985110R
0077340
101534770
101142169
8805645
9502837
9508483
7510258
9300903
101622459
101578780
101701588
101483150
7609631
101315820
8806591
9422688
100940562
8702552
101528166
9202994
8410622
7609331
100959228
9102703
9312096
2985115R
101468937
101528587
8503886
0375373
0202503
0413415
9441330
9815334
8007166
101271025
101169627
0337330
9808008
8811625
8709498
8904840
8306882
100963688
2985117R
1305440
101627166
9706083
101201960
9705544
7908424
9608375
101305410
0413675
101487384
7910918
101469471
7905788
2985080R
101096396
101522982
101478566
101156357
101250502
8610344
9507088
8904841
9205811
9708966
8907826
0346411
9503760
101234168
8917477
0014067
0426720
9107858
9609059
9501229
8809255
101137599
101488689
8703518
7610510
9706293
8706896
9315583
8405628
0376606
9001952
9704963
9707935
9105850
7707965
9601804
101644425
7807107
9504818
101136916
9013087
7502105
101322406
9716531
7702125
0375400
7513619
9812512
2985087R
101469340
100959882
0224131
0320626
9433359
7806056
101128385
7705876
0211301
9703165
9431852
100956211
8306883
8500513
0204522
100909407
101235322
2985088R
101503669
0262322
100893612
8902617
0360051
9716237
101193653
9504370
100892561
9806569
9002991
9004580
0406125
0236512
8006298
101084496
9425651
101152208
101088195
7503089
101162515
7503090
101518405
7906882
9012268
0375402
101217933
9702341
2985190R
8913461
101232233
8406473
9102705
101256586
8109498
101222974
101517079
0423161
2985191R
101193365
0375403
101580767
8309335
9431308
2985192R
0375404
8911344
101468753
7705086
8102140
7905558
8603596
7600111
0253357
8910749
101463759
0432557
101223545
8811626
9508123
100935589
0045233
9423534
0217410
1263116
9200672
7705432
9306050
101128757
100911591
0404243
9010081
101132622
100893366
101299758
0402640
8309140
9612761
8503123
101189458
9504688
9616320
9511091
100938016
101175339
9511372
9800943
101624698
7801086
8206428
8911934
0433604
9808942
2985193R
9713484
8404726
9604934
7908150
9440382
101265112
8807705
101479544
101474849
9005421
100898657
8605836
7501162
8610345
9808462
7803124
101567362
0204634
101233393
0375410
9610774
9508900
8211545
8709735
9505928
8607529
8917825
7901143
8109053
9300904
2985188R
0052631
101233150
7804134
9506309
9610507
0361031
8801387
8501884
8000345
0055107
9704532
101096520
0376362
101167001
9206091
8309336
0376363
9807281
2985195R
8804966
9882935
9890903
101157530
101526034
101165248
101269653
9812509
0266262
9309351
9114501
101262417
101528691
8504412
9882059
9887853
101264239
101534130
0313225
100893704
101227890
0044652
101490689
0376567
2985196R
8511298
0376364
9301275
101490359
101128775
101475056
9439514
100901141
0376331
9107859
8907828
8200911
8308648
0376333
0014207
101188638
8006508
0376611
8809257
7505627
9509432
8502670
9505927
101088169
8410047
100971636
9112938
9438792
8001906
0173343
7501984
101217269
7802879
8508122
7503122
0376370
9206498
0376334
9812598
101088554
101230693
9206499
9214441
100884618
0165053
101142025
9705610
9504452
8809258
9206500
0376337
8405364
9015483
101701089
9415084
9111633
9011206
101295847
101303204
0222643
0376340
9888878
9506702
0252052
0376342
7600115
0376343
8606160
101274235
101170508
9502018
101308490
9306822
9802627
100960995
7805798
9508274
8211546
9001407
101190741
101570622
9512997
9434456
8010948
8211547
9809909
0376374
100940729
9203369
9206092
8407742
101607771
101212761
9512496
9104163
101163270
9426426
9011490
101152804
8708660
7610519
9105360
7910920
100964185
9435672
0113724
8005839
101147197
101532664
101313252
8712262
101185420
0244160
101159262
9417080
9435679
9000080
101236535
8915208
100960562
0376351
0376352
9610505
0323470
0014133
0326144
9430798
9314730
8712418
9435800
100956096
0112725
0417737
101128948
0376617
0250641
7901326
2985213R
101618821
101613665
101643584
101645355
101130150
101139309
100957246
101638123
101605555
9808285
9882736
2985214R
0323431
8912371
8607378
8611515
8007168
101155056
9435678
100889186
0243711
8510094
8704895
9007422
7706787
101616707
101299403
0375521
9516348
0060450
101147696
101160857
100909185
9617311
101506777
100889025
7701875
8800805
9204265
101163587
0155112
101479829
101135941
9888239
9310752
8900948
9882600
8214883
9422762
8505245
101153368
101139802
9500170
8101177
9100916
100892712
101213729
9882895
101475200
0260231
8219702
101201025
101484109
0103146
101197794
101182345
9432592
7807333
0405543
101519231
7605941
101160862
0347227
9101218
7704869
0230027
9506850
101240303
0376377
2985236R
8109073
8908862
7605655
9422753
101250177
0401052
7505668
9209001
100964771
0204271
9425208
2985248R
9713490
9207689
0400714
101575086
0401176
9308945
2985240R
0311416
0314524
101239023
9815835
9435512
101231694
0425746
0376642
8901334
9416269
8103150
0400721
9609063
8710980
8005433
7909593
101522985
8708682
9109623
7502619
9433353
8610370
0375267
9815657
101150318
101478346
0212271
9426302
101608648
0373334
0210453
101139812
9508567
7500663
9710937
100883508
7703966
9706653
101588314
9430468
9437794
101615147
8606191
9434935
9312850
9712707
101595834
9203012
8309230
0165035
8510930
7503830
8607003
2984771R
0375272
0400725
0400726
8406505
0400732
0400740
8503649
9612996
101094212
101679980
100968751
7802429
8806605
100959226
7603128
101534222
8006324
9201390
8501455
0403234
101251620
9423533
101468876
101147698
101150042
101132535
8811105
9802571
0364456
8109087
101253756
7500844
9100095
8709751
101125647
9610936
101264260
9516534
9214478
101465604
100964009
101093320
9805456
9513710
101120118
101125610
7905289
101529315
9501023
101475259
9430797
101605730
8712028
8900963
101266600
101231818
101308230
101524770
101242662
101197791
0035623
9304400
101465514
9107902
100954969
9607835
8903333
101235389
100890581
9605351
9706297
8610688
101299742
101604290
0046052
9509185
101580247
7803146
8707812
0400763
101632149
101632211
0400764
7505689
100955036
8805008
8807334
0412011
101088070
101233142
101278111
101525249
101241272
101233132
9604648
100890575
101499734
101231976
101528555
9216904
100941354
8809315
101155473
9502015
101215604
101283273
9809671
101477873
8502408
101167924
101284307
101124168
101500075
101500077
101672103
101124171
101500078
101500079
100962779
101124169
101190261
100962782
101500081
101500072
100962781
101500080
101500082
101186374
0410462
0400767
0326264
101465345
8301215
0255562
101286577
100886622
0377266
101189728
8706402
100909377
9615568
101248950
0331777
0400773
0356133
9431867
9426182
101286574
8805018
100883417
8100437
9500169
9508166
9511374
8006959
7613461
0401057
9425251
101156086
101189034
8008373
0035665
8218700
9432572
9709714
9215515
101597070
9211377
9422763
101142069
8219232
0042005
0400775
0101265
9005460
9503763
0401060
7905298
100959175
9804159
101135365
9111470
8809320
100887420
7609829
9606526
8101187
8103156
0236217
8804532
9440588
7512895
0020713
8904467
9112672
9009029
8904907
1302751
9113791
100892086
9100935
7806090
101256850
7605074
101252453
9504819
7600130
8500749
101134359
9008004
7802914
100896471
7908181
101290381
7905589
8709538
100929017
8303326
9516291
9882884
9815751
101150032
9709307
8915233
9815620
100927567
0377015
7505774
101631999
0411011
101562758
100892832
101518322
9304420
8201017
7609387
8807530
0042033
9808649
8404213
7701902
101090848
8511379
9433357
100891857
9505881
0401075
100897394
0376404
8805022
7905040
8606733
101566341
9100365
101521595
8802712
101152213
9111474
100892202
8303331
9113797
0376405
0401067
0021406
101469429
101264860
101303911
100897395
9106714
0401101
8709551
0401007
9422759
9205857
9433361
9312169
101156063
101134822
0150372
101131135
8711562
7809033
9607837
0135054
8712059
9422756
9208097
101627692
101532965
0401107
101580419
7605679
9604937
9435674
9436057
8208839
0267442
101599215
9206148
0054655
7802443
8508431
101137103
7708433
8904931
9508565
101167768
9001454
9709118
101576782
101253266
101154995
100890393
8610391
0334721
101266602
101144387
0331266
0254463
7806107
8409486
101501666
101494830
0376412
0057764
9305697
9100105
8912029
0144042
8508176
100961504
101479826
7803944
9206575
100883685
101582666
8709766
100898941
7508686
100890606
100894201
100954394
101130835
9612504
9426356
8704926
8608542
100966936
0421110
9437094
7910948
9708549
0401121
8703571
101462774
9513583
101236354
9007504
101595366
101583421
9431380
8006541
0175411
9706087
7806109
101309314
8406280
9439538
9106718
0356657
101186624
8003849
0401126
100954653
7909102
8406799
9809673
100939345
8507560
101202124
8909729
8700164
0376422
8701858
100886002
101484755
8708728
8508183
9114967
101572033
8912748
8510590
0365332
0100714
8103046
101248897
8609169
9802574
8008690
0372307
8700166
9313276
8904033
0401132
0401133
1301573
100898744
8907069
0154720
9212404
9208369
101231005
100897350
101083949
0367050
0152016
101234999
8907422
0421737
7905840
8402938
8111305
9800766
9812552
9610932
8406521
101201192
101133385
7503623
9012921
0376424
0376425
101124451
9013641
101226123
101222340
100954728
101197454
100888160
0151504
100883369
9815683
101696724
9306921
101208185
1256322
9112413
0231714
0401223
9015520
101229718
9302888
0401220
9102787
8109120
101676019
0401141
0427461
0022623
100940513
9200492
0151434
9438794
9427222
8904486
101318927
9814578
8006349
1250576
0066751
101148926
101201889
9208688
9309004
9430925
9880970
8803554
101273919
9207397
9106343
0401224
9882449
101602701
9882015
7802221
1306050
9208117
101183755
101238922
101239074
101231360
101291488
101285081
101238921
101491319
101229003
9437432
101125473
101481266
0401147
0234135
0401150
101552483
9703530
8106540
9607037
8302490
101205018
0322116
8217463
8303541
0401152
0430463
101463825
100897390
101472305
101484100
101245157
8908934
9318162
7505876
7505881
0401233
0376441
0376442
0253725
7900832
101498165
0370121
8211617
9886009
9431859
100909380
9307844
8802730
9808648
8101368
9815755
7707720
101532368
101186484
9101496
101212092
9441434
8700181
9211750
101092707
101298608
9806488
9806853
9424753
9106748
0103314
9502838
0376470
9513551
7911385
101230058
0376473
9604099
1254142
101135751
0376476
0376503
7612148
9214524
8401537
0101123
7608025
0142657
0376506
0376505
0024046
0376507
101474167
8501498
9808463
9716844
9715279
101250499
101259775
9438285
101213861
0376515
0144032
9210257
9306156
0342677
0415677
101265111
8109958
0401245
8302501
0123703
0177625
0401257
0401260
8407192
8802365
101266081
101291922
101605639
9511366
9804508
101278116
8214983
0401273
8104825
101213381
8701128
19620690R
101160559
101153627
101122473
9015668
8907465
101224380
101291249
8803591
100966036
101392499
8907468
7806136
0137356
7510357
8908438
9616368
101140022
101090633
8006373
101167637
101543738
101146940
9005499
0332173
0401300
8309919
101216893
8002834
9308586
0404267
9440482
100895975
0404256
100960007
9305754
100940588
8703602
7608039
0242726
101587954
9007566
101585329
9108821
9425531
7507484
9421552
9420934
8408032
0404312
8101383
9112448
7706841
2984779R
8711016
8712301
0434624
8406312
8710716
101528851
0135043
0405571
7507456
8206885
100883501
8708093
0347242
8109978
0425672
9509184
101235328
7507497
9112454
101174860
2984854R
0404520
9216153
100897261
9440156
9516979
7909441
9708377
0404375
0060105
0323767
9111504
9502210
8510679
100883503
0321213
101144297
101477511
101587186
7511540
7903371
0236760
8804207
8906258
0424247
0404400
101529880
8904113
101640192
0404511
9516228
101131163
9508563
101563288
101465400
0330500
101505086
2983335R
0413564
9306979
1306053
9010218
9607332
9617260
8502262
8911629
101240003
0404514
9009458
101308769
8110297
9717520
8110298
8111343
1264464
0420432
8610759
9441351
9216162
7801132
9202882
100909394
9431858
0053252
8405117
0431155
8504689
8809602
101204366
101316472
101242667
7705941
9805554
9421564
0142214
101264408
0404516
7701953
101561193
101188418
9504453
7809084
9804161
100898759
9804678
101235338
101288795
101279009
8804358
8303205
7506743
101295070
9306181
8904127
0266303
0404522
101095192
9602533
9609749
7610646
101130732
101151352
8412297
9315689
8904133
0027440
101176023
8215016
9212457
101611300
101316957
101527581
101255952
9304532
101197107
101578022
8902881
0404536
8603469
9617529
101089166
0235266
101087697
1250602
8808537
9602153
9302957
0074243
8806653
101168329
0417347
9815642
101233809
100888751
101233161
9208188
9211789
8608029
9204360
0404551
7706129
100970884
8806914
8306133
9302532
101464963
8111384
101213819
2984816R
101270595
8910884
9613614
101140941
21120500R
9314590
100959949
2984818R
8214622
0145600
101570881
101224383
0256422
9708216
101316317
101552395
101181252
0420544
7909660
101543518
0421510
101531441
7903387
101198195
0417353
7608063
0326377
9104317
101522599
9715779
9717383
0214745
101466659
101466660
101466663
9209612
0417355
101465592
101691301
9439750
0416575
8602702
8712158
7709027
101134521
0361055
7905907
9805461
1307333
101530765
100939340
101144385
101319538
101095653
9423846
0417360
9301182
8709027
9209120
101554668
101562664
101280339
101517297
0132144
0243532
8804364
9309923
100883688
8908516
7506129
101230758
100955338
7610674
8310903
9108337
9200566
9708669
8805125
9001516
8507085
101635698
100966032
9310916
100966035
7808616
100966034
7906158
9890299
101263253
1277355
8507086
1301706
9610576
100971555
0111356
8409922
9515841
9606065
9441758
0417505
9423821
101244624
0417367
7513702
8303585
0050452
7909167
9433356
0410553
9108340
8809459
8002867
101274231
9312954
8502736
0332203
0423221
0417373
101602699
101286676
1304110
0366151
9805460
8406899
100883818
0317051
101136421
9610930
101196722
101130615
100965525
100956422
8511904
8511905
7809942
9880575
101185242
8906319
9426187
8002006
0201543
9706281
7705469
100887377
7602745
0312020
7909485
9209635
0031164
9309551
8100520
8113214
8801552
9423843
101231645
0110674
101531386
101509722
8803967
8410979
0417402
8809466
0413601
21530700R
0413606
9884362
9881064
9886167
0105072
9879497
0417410
7905435
21620870R
9505185
101576624
101508311
101536955
101516550
101266131
101575677
7903212
101120023
101266603
100883448
9012472
101278599
7704052
101170544
8307716
101528275
0117263
101185267
9310939
9010276
1306665
9438793
0413613
8607637
0414003
101225070
0413645
0033370
9508901
9506215
9712194
0424252
9421551
100886455
8912155
8807837
9435608
8702287
101300786
101179386
101308227
100886617
0414162
9309124
